172
0
77
73
49
50
51
52
53
43
55
54
58
59
60
68
167
70
87
86
85
69
67
63
64
56
57
62
61
66
65
88
153
154
89
90
91
96
98
95
94
92
93
166
107
106
105
97
165
163
99
100
101
123
162
122
121
120
102
103
104
114
164
127
126
125
136
128
130
135
6
8
10
76
74
75
11
12
13
18
19
22
23
24
15
159
16
17
21
29
30
31
33
34
156
40
39
38
35
36
157
41
155
42
44
45
46
47
48
170
168
72
78
82
79
80
81
3
4
5
133
169
111
112
132
110
109
108
83
84
71
37
20
158
32
28
27
26
25
150
161
160
149
148
147
137
138
139
140
141
134
131
113
115
116
117
118
119
124
129
146
145
144
143
142
152
14
151
7
9
2
1
0
