359
 0
305
137
59
44
40
17
13
3
164
218
34
9
237
355
317
128
293
36
29
281
324
207
90
21
48
278
334
187
205
180
47
170
167
25
12
225
11
15
6
246
81
56
23
185
57
155
97
208
328
24
222
316
224
51
19
135
39
345
289
88
58
257
286
22
171
61
127
67
116
231
114
63
333
4
125
311
64
66
14
339
230
276
204
344
288
157
26
112
248
175
172
352
259
329
253
219
196
35
42
30
211
181
20
86
165
321
320
146
256
160
269
236
87
83
92
275
192
242
323
302
301
340
238
191
32
31
10
27
96
89
342
120
232
41
294
122
303
274
221
244
106
210
265
300
68
353
313
126
202
129
247
77
18
343
287
130
111
195
76
1
52
104
297
99
134
82
79
136
85
84
33
108
223
178
184
55
220
250
38
139
271
214
140
110
197
142
109
213
49
78
107
193
153
65
16
266
43
215
308
54
151
143
233
98
115
319
243
255
356
216
240
295
94
227
315
310
283
118
95
93
103
158
149
241
189
46
263
282
200
159
121
285
161
152
290
252
335
147
162
133
312
141
174
145
284
50
349
299
169
348
292
70
327
198
72
307
258
177
296
101
117
249
179
173
150
331
186
346
183
176
156
60
73
62
119
199
212
102
262
332
91
45
2
100
347
291
203
74
270
337
279
338
53
154
124
5
298
8
326
251
217
201
190
322
260
245
228
71
273
138
113
105
234
267
75
209
229
309
168
37
28
325
350
272
144
123
239
69
357
277
336
268
194
131
206
182
226
254
318
306
351
304
163
7
330
261
354
314
132
148
166
264
341
280
235
188
80
0
