172
0
1
77
73
170
49
50
51
52
53
43
55
54
58
59
60
68
67
167
70
87
86
85
84
69
66
63
64
56
57
62
61
65
88
153
154
89
90
91
94
96
97
98
95
92
93
166
107
106
105
165
163
99
100
102
103
117
118
119
120
121
122
123
162
101
104
114
113
164
127
126
125
129
136
128
130
131
132
133
134
6
7
8
9
10
76
74
75
11
12
13
18
19
20
21
22
23
26
27
28
30
31
33
34
156
40
39
38
35
36
157
41
155
42
45
44
46
47
48
168
72
78
82
79
80
81
3
4
5
169
111
110
109
108
83
71
37
158
32
29
24
25
161
160
150
149
148
147
137
138
135
139
140
141
14
15
159
16
17
112
115
116
124
146
145
144
143
142
152
151
2
0
